1014;1067;1248;1015;1165
3340;3516;3076;3314;3167
377;553;498;266;381
1204;1380;977;1094;1064
1408;1394;1783;1457;1559
157;234;384;132;160
2116;2093;2490;2164;2267
658;834;440;547;527
1147;1200;1381;1148;1298
3290;3466;3026;3265;3118
1267;1443;1049;1157;1136
2071;2048;2445;2119;2222
1020;997;1394;1068;1171
372;548;493;261;376
1264;1440;1046;1153;1133
1600;1776;1336;1575;1428
1533;1519;1907;1581;1684
571;595;750;619;606
327;503;202;216;200
138;374;425;45;201
2829;3005;2565;2804;2656
638;691;895;686;789
1372;1549;1154;1262;1242
272;448;184;180;92
334;510;209;224;203
284;460;405;173;287
1298;1474;1080;1187;1167
846;1022;647;821;673
446;622;567;335;449
2190;2366;1972;2079;2059
1523;1700;1422;1413;1509
688;799;425;663;516
450;626;165;339;319
116;288;463;127;239
570;647;802;618;658
1091;1267;872;980;960
466;642;587;356;470
1373;1549;1155;1262;1242
1126;1302;908;1016;995
1358;1534;1139;1247;1227
1222;1276;1457;1223;1374
1105;1159;1340;1106;1256
263;439;197;185;92
652;828;434;541;521
1220;1396;1002;1109;1089
466;642;587;356;470
1091;1267;873;981;960
631;807;633;521;635
1355;1531;1136;1244;1224
485;661;127;347;312
127;289;474;138;251
2035;2211;1816;1924;1904
640;816;641;529;643
1085;1261;867;975;954
466;642;587;356;470
1148;1125;1522;1196;1299
247;423;222;179;105
1303;1479;1085;1192;1172
1110;1286;892;999;979
307;483;200;282;134
976;902;1057;1024;913
628;804;630;518;632
385;561;470;274;389
1154;1331;936;1044;1024
2568;2545;2942;2616;2719
602;778;550;491;557
1213;1389;995;1103;1082
387;563;471;276;390
906;900;1054;954;910
446;622;229;420;273
2539;2516;2913;2587;2690
1120;1296;901;1009;989
1153;1329;935;1043;1022
364;417;738;412;515
568;744;515;457;523
1300;1476;1082;1189;1169
862;855;1010;910;866
594;667;787;553;667
1149;1325;931;1039;1018
2324;2500;2060;2299;2152
1459;1635;1366;1348;1453
500;676;448;390;456
474;518;700;412;526
968;1144;866;858;954
610;787;558;500;566
1373;1549;1154;1262;1242
712;760;900;760;756
1217;1393;999;1107;1086
1845;1929;2080;1846;1996
661;838;663;551;665
1454;1630;1361;1343;1449
1128;1304;909;1017;997
534;710;536;424;538
1757;1743;2132;1805;1908
1194;1089;1244;1242;1100
1106;1282;887;995;975
2477;2653;2213;2452;2304
1236;1412;1018;1126;1105
793;969;804;682;796
3256;3432;2993;3231;3084
721;897;503;611;590
1452;1628;1359;1341;1446
538;714;540;428;542
1235;1411;1016;1124;1104
1194;1089;1244;1242;1100
1009;1002;1157;1057;1013
721;897;503;611;590
1438;1614;1346;1328;1433
609;682;802;568;682
1876;1959;2026;1835;1949
2970;3146;2706;2945;2797
1088;1264;870;977;957
553;729;555;442;557
1089;1265;871;979;958
352;209;533;326;310
1459;1635;1366;1348;1454
407;460;781;455;558
1425;1411;1799;1473;1576
1469;1645;1376;1358;1464
733;909;515;623;602
932;1108;965;821;935
395;572;516;285;399
1125;1301;906;1014;994
1490;1666;1398;1380;1485
1510;1686;1507;1400;1514
325;501;446;214;328
1696;1780;1930;1697;1847
603;779;505;492;592
1142;1318;924;1031;1011
1108;1284;889;997;977
172;202;399;147;175
1507;1683;1484;1396;1510
461;637;582;351;465
606;659;863;654;757
1507;1683;1415;1397;1502
176;198;402;150;179
810;986;718;700;805
1170;1346;952;1059;1039
466;642;587;356;470
1657;1833;1565;1547;1652
1506;1682;1484;1396;1510
1937;2113;1718;1826;1806
1172;1348;954;1062;1042
2991;3167;2727;2966;2818
587;763;597;476;591
266;233;493;241;270
1178;1354;959;1067;1047
470;543;683;449;563
990;1166;901;880;988
1583;1759;1698;1473;1587
1333;1319;1707;1381;1484
996;1172;1007;885;999
532;708;533;421;535
1286;1462;1068;1175;1155
276;353;503;251;279
674;650;1048;722;825
831;742;896;879;753
675;652;1050;724;826
1267;1443;1049;1157;1136
274;450;260;163;225
280;358;507;255;284
1317;1493;1098;1206;1186
828;739;894;877;750
286;363;512;260;289
238;414;281;213;65
1480;1656;1457;1370;1484
580;756;528;470;536
463;536;676;442;556
449;502;823;497;600
235;411;240;210;63
577;651;770;536;650
459;635;407;348;414
295;471;338;269;122
321;497;370;210;324
2818;2994;2554;2792;2645
424;477;798;472;575
1257;1310;1364;1173;1288
779;609;601;754;635
227;403;270;202;54
533;709;481;423;489
388;441;648;417;539
507;684;291;482;335
340;516;131;315;168
416;470;790;464;567
299;351;673;347;450
262;438;267;237;90
342;518;134;317;170
495;671;443;385;451
399;452;773;447;550
283;459;254;258;110
415;468;789;463;566
2660;2836;2396;2634;2487
307;483;145;282;134
616;792;564;505;572
1218;1271;1452;1219;1369
400;453;774;448;551
1046;957;1111;1094;968
267;443;272;242;94
233;409;354;123;237
1093;1269;874;982;962
929;1105;941;819;933
249;425;221;224;76
308;484;146;283;135
401;455;776;450;552
1003;1179;975;893;1007
2119;2295;2027;2009;2114
275;451;186;250;102
668;844;575;557;663
248;424;220;223;76
263;439;235;238;91
274;450;186;249;102
551;727;288;526;379
274;450;260;163;225
320;496;214;295;147
178;333;515;189;292
265;441;236;239;92
327;503;314;216;331
223;399;268;198;54
317;493;210;292;144
330;506;223;304;157
497;550;754;545;648
290;367;517;265;293
267;443;158;194;96
1151;1137;1525;1199;1302
298;474;198;272;125
304;402;425;193;307
312;488;206;287;140
310;486;204;285;138
309;485;202;283;136
321;497;215;296;149
1596;1451;1606;1596;1462
1351;1337;1725;1399;1502
1239;1225;1613;1287;1390
302;478;202;277;129
1374;1229;1384;1374;1240
304;480;205;279;132
255;490;541;162;318
307;483;201;282;135
306;482;200;281;134
1209;1195;1583;1257;1360
262;438;233;237;89
161;337;320;136;97
313;489;214;288;140
259;435;231;234;86
609;785;557;498;565
301;477;195;276;129
1209;1195;1583;1257;1360
565;741;513;455;521
1190;1176;1564;1238;1341
589;765;591;479;593
538;714;486;427;493
295;471;189;270;123
320;496;139;295;147
558;734;294;533;385
311;487;130;285;138
556;732;292;530;383
596;773;598;486;600
1160;1146;1534;1208;1311
565;741;566;454;569
792;968;803;681;795
1157;1143;1531;1205;1308
463;639;534;352;466
298;474;191;273;125
313;489;125;288;140
1388;1564;1286;1278;1374
309;485;116;283;136
600;705;362;575;427
1150;1136;1524;1198;1301
527;703;529;417;531
422;598;64;397;249
235;411;278;210;62
310;486;115;285;137
356;480;176;331;183
1136;1122;1510;1184;1287
431;607;67;364;258
403;531;222;378;230
561;737;563;451;565
598;702;359;572;425
391;567;82;309;227
1138;1124;1512;1186;1289
281;358;507;255;284
575;751;576;464;578
440;568;260;415;268
1310;1165;1320;1310;1176
1481;1597;1514;1370;1485
456;382;314;431;260
506;405;364;480;310
454;380;312;429;258
1998;1975;2372;2046;2149
210;386;436;127;213
2757;2933;2253;2360;2584
613;789;638;503;617
433;316;349;408;292
241;244;468;216;245
1564;1740;1679;1453;1567
1457;1634;1365;1347;1452
853;1029;761;743;848
149;366;496;168;273
216;392;283;105;219
419;595;124;394;246
2458;2634;2239;2347;2327
271;448;367;161;275
604;780;386;493;473
548;602;813;597;699
1611;1787;1157;1340;1438
292;468;339;181;295
2446;2622;2228;2335;2315
272;448;277;247;99
1695;1779;1929;1696;1846
763;939;545;653;633
448;502;676;497;599
2724;2900;2460;2426;2551
2718;2894;2454;2420;2545
273;449;278;248;101
349;426;576;324;353
1134;1310;844;1024;1003
2128;2304;2035;2017;2123
945;1121;843;834;930
252;428;257;227;79
199;375;259;88;202
1451;1627;1428;1340;1454
1169;1346;951;1059;1039
866;1042;647;755;735
2145;2321;2053;2035;2140
621;797;403;510;490
1387;1563;1285;1276;1372
2034;2211;1538;1645;1862
997;1174;779;887;867
284;460;255;258;111
1380;1556;1278;1269;1365
1237;1413;1019;1126;1106
643;819;645;533;647
783;959;681;673;769
643;819;645;533;647
2801;2977;2289;2396;2628
1483;1659;1390;1372;1478
267;344;493;241;270
1232;1408;1028;1121;1101
177;412;463;84;240
1635;1811;1542;1524;1629
833;1009;740;722;827
314;490;305;204;318
1240;1416;1037;1130;1109
555;628;747;514;628
624;800;406;513;493
1945;2030;2180;1946;2096
3284;3260;3658;3332;3435
185;421;471;92;248
746;922;653;635;741
554;627;746;513;627
2015;2191;1797;1904;1884
615;714;807;573;687
553;626;746;512;626
188;424;474;95;251
974;1150;785;965;802
696;872;594;586;682
235;411;240;209;62
146;382;432;53;209
550;624;743;509;623
490;543;864;538;641
503;576;695;461;575
2074;2250;1856;1963;2209
2060;2236;1842;1949;2177
248;424;369;138;252
739;810;501;714;567
250;486;537;157;313
458;511;710;423;537
454;507;710;423;537
2127;2303;1909;2017;1996
187;363;327;104;153
514;690;298;489;341
258;434;192;180;87
175;411;461;82;238
357;533;395;247;361
2418;2594;2154;2393;2245
251;428;226;178;80
2936;2773;2844;2826;2931
2884;3060;2620;2858;2711
2154;2330;1935;2043;2023
1105;1091;1479;1153;1256
261;437;195;169;89
534;710;316;423;403
759;935;667;649;754
1335;1511;1105;1224;1204
1489;1605;1522;1379;1493
532;708;314;422;401
1638;1814;1254;1373;1466
1563;1739;1471;1453;1558
530;706;312;420;399
686;813;950;734;837
286;462;406;176;290
1467;1643;1444;1356;1470
1575;1751;1482;1464;1570
224;400;345;113;227
595;547;401;570;422
602;779;384;492;472
1398;1375;1772;1446;1549
1304;1480;1075;1194;1173
512;475;332;487;340
3287;3264;3662;3336;3438
291;294;518;266;295
713;889;724;602;716
425;601;56;358;252
876;1052;775;766;862
908;1084;690;797;777
308;310;534;282;311
888;1064;786;777;873
2030;2206;1545;1652;1858
394;570;31;326;221
312;314;539;287;316
1236;1413;1018;1126;1106
1708;1884;1490;1598;1814
827;880;1090;875;978
1213;1389;995;1103;1082
2029;2205;1550;1657;1857
688;864;425;663;516
1489;1665;1397;1379;1484
1721;1897;1502;1610;1837
1242;1418;1023;1131;1111
653;829;435;542;522
1487;1664;1395;1377;1482
1224;1400;1005;1113;1093
2060;2236;1796;1724;1887
1222;1398;1004;1111;1091
477;653;259;367;346
1479;1655;1387;1369;1474
1227;1403;1008;1116;1096
2098;2274;1834;2073;1925
585;761;367;474;454
495;671;277;385;365
1465;1641;1363;1355;1451
1236;1412;1018;1126;1106
1226;1402;1007;1115;1095
1999;2175;1735;1648;1826
1518;1694;1426;1408;1513
1679;1763;1913;1680;1830
1531;1707;1439;1421;1526
1216;1392;998;1105;1085
1751;1927;1533;1641;1864
1148;1201;1383;1149;1299
1466;1642;1364;1356;1452
1729;1905;1511;1619;1845
1232;1408;1014;1121;1101
1130;1184;1365;1131;1281
1473;1650;1372;1363;1459
1225;1401;1006;1114;1094
1140;1193;1375;1141;1291
1504;1680;1412;1394;1499
2040;2216;1543;1650;1868
2037;2213;1562;1669;1865
1242;1295;1476;1243;1393
1214;1391;996;1104;1084
1504;1680;1403;1394;1490
2067;2243;1803;1731;1894
1149;1202;1383;1150;1300
1286;1462;1068;1176;1155
1496;1672;1394;1385;1481
1281;1457;1063;1171;1150
1495;1671;1394;1385;1481
1723;1899;1505;1612;1839
1152;1205;1386;1152;1303
1970;2146;1706;1622;1798
1264;1440;1046;1154;1133
1453;1629;1351;1343;1439
2034;2210;1554;1662;1861
1293;1469;1075;1183;1162
1232;1285;1466;1233;1383
1457;1633;1239;1347;1326
1483;1659;1381;1373;1469
1145;1198;1380;1146;1296
1295;1471;1077;1185;1164
1722;1898;1504;1611;1838
1333;1509;1115;1223;1202
1160;1213;1394;1160;1311
325;206;552;300;328
1323;1499;1104;1212;1192
2014;2190;1552;1660;1841
311;219;538;286;315
407;34;633;381;410
2080;2256;1816;1744;1907
1159;1213;1394;1160;1310
1334;1510;1116;1224;1203
1336;1512;1117;1225;1205
2084;2260;1820;1748;1912
1173;1226;1407;1174;1324
417;470;791;465;568
1328;1504;1110;1218;1197
1178;1231;1413;1179;1329
1215;1268;1449;1215;1366
1711;1887;1475;1600;1686
1154;1208;1389;1155;1305
622;695;814;580;694
1316;1492;1098;1206;1186
1715;1891;1479;1605;1691
1349;1525;1131;1239;1218
1172;1226;1407;1173;1324
407;460;781;455;558
419;302;360;394;278
373;549;193;348;201
1251;1304;1485;1252;1402
1253;1429;949;1129;1080
2754;2930;2298;2406;2582
474;518;699;412;526
601;777;337;575;428
455;341;340;430;314
1157;1210;1392;1158;1308
319;89;545;293;322
1144;1197;1379;1145;1295
602;778;338;577;429
2989;3165;2725;2964;2816
2752;2928;2247;2355;2579
614;790;615;503;617
527;489;332;501;354
267;107;494;242;270
2759;2935;2255;2362;2586
509;685;315;484;336
1145;1199;1380;1146;1296
1124;1178;1359;1125;1275
563;394;455;538;420
2062;2145;2212;2021;2135
2518;2694;2255;2493;2346
591;767;397;566;419
1156;1209;1390;1157;1307
2485;2661;2221;2459;2312
2062;2144;2211;2021;2135
871;1047;769;760;856
1131;1184;1366;1132;1282
495;671;301;470;322
892;881;1036;941;892
296;472;189;271;123
376;454;603;351;380
1117;1171;1352;1118;1269
2472;2648;2209;2447;2300
496;672;302;471;323
1434;1410;1808;1482;1585
2469;2645;2205;2444;2296
387;42;614;362;391
1338;1514;1109;1228;1207
639;815;446;614;467
2511;2687;2247;2486;2338
520;696;326;495;347
2442;2618;2178;2417;2269
1364;1540;1135;1254;1233
533;709;339;508;360
210;278;437;185;213
2796;2972;2291;2399;2623
231;407;236;205;58
506;682;312;481;333
429;146;745;493;522
462;389;321;437;267
202;378;229;176;29
2666;2842;2402;2640;2493
863;788;669;838;690
2707;2883;2443;2682;2534
285;461;406;175;289
1983;2160;1510;1617;1811
244;321;471;219;247
213;389;218;188;40
1526;1702;1424;1416;1512
1901;2077;1516;1652;1728
281;457;401;170;284
192;368;232;167;20
1036;1136;1221;1084;1187
599;706;864;648;750
438;155;755;503;532
503;679;286;478;330
101;317;388;113;164
470;397;328;445;275
623;799;405;513;492
83;298;369;94;146
511;578;785;559;662
468;395;322;443;273
318;396;545;293;322
88;304;375;100;151
507;573;780;555;658
613;718;375;588;440
469;396;328;444;274
575;648;768;534;648
394;176;711;385;487
470;432;288;445;297
626;737;363;601;454
295;298;522;270;299
125;281;352;100;129
1349;1335;1723;1397;1500
614;687;806;573;687
129;284;356;104;132
404;186;721;395;498
1577;1753;1229;1551;1404
1355;1342;1730;1404;1506
85;300;371;96;148
1588;1764;1325;1563;1416
617;690;810;576;690
430;147;747;495;523
725;848;990;774;876
192;181;419;167;196
564;618;828;612;715
98;313;384;109;161
610;683;802;569;683
215;391;283;105;219
709;842;973;757;860
309;363;684;358;460
2766;2942;2262;2369;2593
619;692;811;578;692
394;570;494;283;397
1244;1297;1479;1245;1395
534;502;340;508;361
711;785;904;670;784
2759;2935;2255;2362;2586
611;684;803;570;684
2531;2707;2267;2506;2358
551;605;816;600;703
665;841;642;554;668
565;638;758;524;638
517;693;570;407;521
579;632;843;627;730
2789;2965;2272;2380;2617
584;657;777;543;657
512;688;595;401;515
562;635;754;520;634
517;693;600;406;520
612;685;805;571;685
530;706;266;505;357
343;396;717;391;494
2772;2948;2255;2363;2600
441;495;816;490;593
713;889;494;602;582
617;690;810;576;690
880;1057;662;770;750
1399;1575;1181;1288;1268
2765;2941;2248;2356;2592
600;776;381;489;469
2394;2570;2176;2283;2263
2740;2916;2223;2331;2567
616;689;808;574;688
660;836;396;634;487
415;468;647;463;566
631;807;412;520;500
518;588;893;567;669
2723;2899;2206;2313;2550
619;692;811;577;691
1344;1520;1106;1286;1171
510;686;540;399;514
551;727;332;440;420
610;692;875;659;762
2738;2914;2221;2328;2565
667;740;860;626;740
2739;2915;2222;2329;2566
666;739;859;625;739
609;720;345;583;436
632;723;896;680;783
572;690;836;620;723
228;404;295;118;232
1994;2170;1521;1628;1822
611;679;373;586;439
2797;2973;2280;2387;2624
394;571;396;284;398
348;130;665;339;442
956;1132;864;846;951
1358;1534;1120;1313;1185
160;395;446;67;223
733;806;926;692;806
2012;2188;1538;1645;1839
599;430;520;574;456
993;1094;1214;1041;1144
734;807;926;692;807
195;371;263;85;199
193;429;480;100;257
362;144;679;352;455
465;520;690;403;517
200;376;258;90;204
175;411;461;82;238
91;307;377;102;154
740;814;933;699;813
3290;3466;3026;3264;3117
196;372;262;86;200
734;807;927;693;807
2510;2686;2247;2485;2338
87;323;374;99;150
197;373;261;86;201
2514;2690;2250;2489;2341
3290;3466;3026;3265;3117
777;850;970;736;850
240;417;275;130;244
198;374;260;88;202
487;557;861;535;638
1999;2175;1781;1889;1868
532;585;906;580;683
199;375;259;89;203
733;806;925;691;805
473;649;596;362;476
729;802;921;688;802
1238;1156;1311;1287;1167
553;729;554;442;556
490;560;865;538;641
517;693;298;406;386
1292;1468;1073;1181;1161
224;400;235;113;141
1541;1717;1277;1516;1368
504;574;879;552;655
468;644;433;357;471
1224;1278;1459;1225;1375
612;442;504;587;468
368;544;299;257;307
110;256;396;121;173
502;572;877;551;653
346;454;466;235;349
438;600;598;367;481
420;596;352;310;360
578;509;436;553;382
794;770;1168;842;945
469;544;843;517;620
1180;1356;962;1070;1050
1889;2065;1671;1778;1758
1324;1500;1106;1214;1193
282;356;509;257;286
466;642;587;356;470
565;741;347;455;434
115;277;462;126;238
1358;1534;1140;1248;1227
475;651;477;365;479
599;775;600;488;602
1592;1768;1139;1322;1419
687;863;468;576;556
1370;1546;1151;1259;1239
120;282;467;131;243
604;677;749;562;677
1327;1503;1109;1216;1196
93;256;440;105;217
1590;1766;1137;1320;1417
1292;1468;1074;1181;1161
660;836;441;549;529
85;247;432;96;209
613;686;746;560;674
589;765;590;478;592
314;336;396;289;173
2146;2123;2520;2194;2297
1588;1764;1135;1317;1415
1290;1466;1072;1179;1159
131;304;478;142;255
256;258;483;231;259
623;671;896;671;774
267;443;171;194;96
1301;1477;1083;1191;1171
626;802;628;516;630
113;285;460;124;237
391;567;170;366;218
1298;1474;1080;1188;1167
371;547;85;289;206
337;513;128;312;164
1267;1443;1049;1157;1136
822;999;834;712;826
747;923;484;722;575
286;462;405;175;289
2533;2709;2269;2508;2361
51;269;398;62;174
369;545;70;287;204
281;457;401;170;284
1251;1427;1033;1141;1120
1263;1439;1045;1152;1132
1267;1443;1049;1157;1136
49;271;396;60;173
394;570;76;312;262
406;534;225;381;233
301;378;528;276;304
1502;1488;1876;1550;1653
282;458;403;172;286
289;465;208;197;109
399;575;82;317;267
269;445;321;158;272
281;457;402;171;285
58;234;396;70;172
1020;1093;1169;979;1093
483;659;125;348;311
287;463;259;262;115
1248;1424;1030;1137;1117
258;266;632;306;409
373;549;84;291;208
1246;1422;1027;1135;1115
603;656;867;651;754
284;460;405;174;288
291;294;518;266;295
290;466;411;180;294
1247;1423;1029;1136;1116
286;462;257;261;113
315;424;208;289;142
672;659;814;721;670
859;836;1233;907;1010
2013;2189;1551;1659;1841
2671;2847;2407;2646;2499
1236;1412;1018;1125;1105
501;574;694;460;574
1215;1391;997;1105;1084
203;256;577;251;354
198;251;572;246;349
801;794;949;849;805
793;787;941;842;797
1194;1105;1259;1242;1115
2030;2206;1542;1650;1857
1544;1721;1538;1434;1548
880;1056;662;770;750
193;246;567;241;344
792;786;940;840;796
1987;2163;1497;1605;1814
1488;1664;1466;1378;1492
266;340;309;241;93
1299;1475;1081;1188;1168
302;305;529;277;306
268;503;554;175;331
1993;2169;1730;1642;1821
773;767;921;822;778
1240;1151;1305;1288;1161
2508;2684;2244;2482;2335
1304;1480;1085;1193;1173
318;320;545;293;322
237;473;523;144;300
92;328;378;103;155
272;324;354;247;131
715;760;790;604;718
1222;1132;1287;1270;1143
1232;1286;1467;1233;1383
612;685;805;571;685
2439;2615;2175;2413;2266
228;464;515;135;292
230;465;516;137;293
287;328;369;261;145
434;610;215;323;303
275;321;357;250;134
457;633;238;346;326
2231;2407;2013;2121;2385
605;678;798;564;678
217;453;504;124;280
257;338;300;231;84
165;401;452;72;228
340;516;146;315;167
431;485;806;479;582
288;329;370;262;146
605;679;748;564;678
1035;1211;933;924;1020
1021;1197;919;910;1007
379;503;198;354;206
196;432;482;103;259
2921;3097;2703;2811;3112
270;272;496;244;273
2195;2371;1931;2170;2022
998;828;839;972;860
475;538;850;523;626
244;321;470;218;247
435;362;293;410;240
2934;3110;2670;2909;2761
882;713;775;857;739
2962;3138;2698;2937;2789
162;212;389;137;166
2716;2892;2453;2691;2544
905;735;797;880;761
2741;2917;2478;2716;2569
2722;2898;2458;2696;2549
891;721;783;866;747
2728;2904;2464;2703;2555
322;324;549;297;325
2811;2987;2547;2786;2639
588;588;962;636;739
276;354;503;251;280
1008;838;814;983;835
2813;2989;2549;2788;2640
1016;839;822;990;843
487;556;861;535;638
320;322;547;295;324
867;698;760;842;724
2815;2991;2551;2790;2642
556;665;808;521;635
2884;3060;2620;2859;2711
955;794;761;930;782
259;240;486;234;263
2755;2931;2492;2730;2583
881;712;773;856;738
419;472;793;467;570
188;228;415;163;192
2756;2932;2492;2731;2583
1013;843;819;988;840
2745;2921;2527;2635;2918
584;677;849;633;735
393;175;710;384;487
416;469;790;464;567
2896;3073;2633;2871;2724
892;723;784;867;749
416;469;790;464;567
2046;2222;1579;1686;1873
325;403;552;300;329
893;724;786;868;750
417;470;791;465;568
2026;2202;1523;1631;1854
1378;1554;1148;1267;1247
991;829;797;965;818
421;474;795;469;572
235;312;462;210;238
424;477;798;472;575
259;240;486;234;263
1333;1509;1096;1276;1161
642;656;404;617;470
422;475;654;470;573
428;481;802;476;579
1408;1585;1085;1265;1236
242;319;469;217;245
1331;1508;1094;1274;1159
1417;1593;1094;1274;1245
494;564;868;542;645
330;407;556;304;333
503;484;309;478;331
304;306;531;279;308
492;472;298;467;319
1310;1486;1073;1253;1137
517;587;892;566;668
227;304;453;201;230
184;298;521;195;298
1310;1486;1073;1253;1137
421;475;796;470;573
1388;1564;1098;1277;1163
679;645;486;654;507
569;568;943;617;720
1333;1509;1095;1280;1160
237;314;463;211;240
677;787;413;651;504
632;742;368;606;459
564;617;828;612;715
197;177;423;171;200
1289;1465;1052;1232;1116
1031;1007;1405;1079;1182
606;679;799;565;679
675;728;939;723;826
396;496;202;371;223
1069;1246;968;959;1055
185;420;471;92;248
662;735;855;621;735
677;730;941;725;828
1424;1410;1798;1472;1575
1082;1258;980;971;1067
1800;1777;2175;1849;1951
177;413;463;84;240
624;697;816;582;697
2529;2706;2266;2504;2357
262;237;489;237;266
1114;1290;896;1003;983
156;391;442;63;219
2702;2878;2198;2305;2529
253;255;480;228;256
206;382;259;96;210
195;431;481;102;258
613;686;805;572;686
334;510;102;302;161
1288;1464;1070;1178;1157
661;714;925;709;812
484;537;729;532;635
196;432;483;103;260
565;638;757;523;638
427;481;801;475;578
783;959;565;672;652
2792;2968;2275;2382;2619
563;637;756;522;636
494;547;868;542;645
460;636;244;435;288
196;431;482;103;259
497;551;872;546;648
705;881;487;594;574
496;549;870;544;647
440;616;246;415;267
643;716;836;602;716
195;431;482;102;258
537;713;319;426;406
490;543;864;538;641
643;721;718;533;647
451;627;234;426;278
542;718;324;432;411
496;549;870;544;647
206;441;492;113;269
638;716;713;528;642
443;619;247;418;270
461;637;245;436;289
243;478;529;150;306
2766;2942;2249;2356;2593
501;555;876;550;652
1211;1387;993;1100;1080
662;719;737;551;666
506;559;880;554;657
1913;2089;1649;1888;1740
1223;1399;996;1113;1083
1292;1468;1074;1181;1161
606;679;747;561;675
515;569;890;564;666
1321;1497;1103;1210;1190
3304;3480;3041;3279;3132
606;679;747;561;675
482;535;856;530;633
501;555;876;550;652
1230;1406;1011;1119;1099
278;454;398;167;281
3300;3476;3036;3275;3127
479;533;854;528;631
581;654;773;540;654
583;657;776;542;656
631;807;438;606;459
281;458;402;171;285
3309;3485;3045;3284;3136
2122;2098;2496;2170;2273
472;525;846;520;623
288;464;409;178;292
526;613;332;501;353
586;659;778;544;658
457;511;832;506;608
409;585;215;384;236
257;433;200;184;86
1145;1199;1380;1146;1297
1046;1032;1420;1094;1197
483;536;857;531;634
131;367;418;38;194
235;411;356;125;239
584;657;777;543;657
421;475;796;470;573
464;518;839;513;616
1104;1157;1338;1104;1255
458;511;832;506;609
547;620;739;505;620
133;369;420;41;197
786;962;693;675;780
427;480;801;475;578
438;491;812;486;589
714;614;520;689;541
757;933;664;646;751
400;576;82;336;267
450;503;824;498;601
575;648;767;534;648
388;441;762;436;539
436;489;810;484;587
761;937;668;650;756
402;578;84;328;269
224;302;451;199;228
450;534;256;425;277
1290;1466;1052;1233;1117
282;458;254;257;109
484;491;291;459;312
3025;3201;2492;2600;2852
1297;1473;1059;1239;1124
394;177;711;385;488
759;935;667;649;754
1301;1477;1064;1244;1129
502;483;309;477;330
226;303;453;201;229
505;486;311;480;332
554;627;746;513;627
1319;1495;1081;1261;1146
308;386;535;283;312
1115;945;1007;1090;971
1313;1489;1076;1256;1141
1305;1481;1068;1248;1132
359;436;586;334;363
528;491;334;503;356
541;477;360;515;368
303;356;677;351;454
1311;1488;1074;1254;1139
288;341;662;336;439
537;481;357;512;365
370;25;597;345;374
1314;1490;1076;1256;1141
550;467;370;525;378
376;31;603;351;380
520;446;378;495;324
271;447;388;161;275
966;853;773;941;794
270;446;387;159;273
1317;1493;1079;1259;1144
510;686;293;485;337
1318;1494;1080;1260;1145
1321;1497;1083;1263;1148
582;758;344;557;409
933;819;739;907;760
536;498;355;511;363
266;442;383;156;270
264;441;381;154;268
1316;1492;1078;1258;1143
1212;1266;1447;1213;1364
449;571;255;424;276
160;274;497;171;274
1320;1496;1082;1263;1147
1510;1686;1488;1400;1514
467;509;273;442;294
291;369;518;266;295
1321;1497;1084;1264;1149
286;363;513;261;289
542;476;362;517;369
468;511;274;443;295
358;435;585;333;362
160;214;386;134;163
1322;1498;1085;1265;1150
175;252;512;186;289
527;453;385;502;331
1324;1500;1086;1266;1151
1342;1518;1104;1297;1169
678;854;679;567;682
554;517;373;529;381
228;134;602;276;379
680;856;681;569;683
1581;1758;1186;1305;1409
553;516;372;528;380
305;383;532;280;309
789;965;801;679;793
614;540;472;589;494
416;592;198;306;285
222;164;559;233;336
1346;1522;1108;1301;1173
543;469;401;518;347
410;586;191;299;279
1358;1534;1121;1314;1186
270;348;497;245;274
550;468;369;524;377
419;595;201;308;288
1360;1536;1123;1315;1187
536;462;375;510;383
568;744;570;458;572
271;348;497;245;274
203;379;230;178;31
194;98;568;242;345
532;459;379;507;386
1181;1175;1329;1229;1185
1427;1603;1208;1316;1296
531;457;380;506;388
1604;1780;1208;1327;1431
246;30;621;295;397
529;456;382;504;334
274;250;413;249;190
1431;1607;1212;1320;1300
203;379;236;178;61
385;439;760;434;536
2919;3095;2701;2808;3101
742;573;564;717;599
391;444;765;439;542
1948;2124;1729;1837;1817
444;498;819;493;595
603;676;750;561;676
752;928;763;641;755
341;517;161;316;169
1110;1286;1087;999;1113
429;482;803;477;580
601;674;752;560;674
758;588;650;733;614
248;287;454;223;230
420;473;652;468;571
425;479;800;474;576
472;648;429;361;475
600;673;753;559;673
171;211;398;146;175
427;480;801;475;578
484;660;416;374;504
402;455;776;450;553
317;494;249;207;257
727;847;991;775;878
95;258;443;107;219
1921;2097;1702;1810;1790
513;494;319;488;340
583;703;345;558;411
432;485;806;480;583
429;482;803;477;580
2079;2255;1861;1969;1948
574;750;336;549;402
628;804;640;518;632
213;161;440;188;217
2001;2178;1783;1891;1871
3305;3481;3041;3280;3132
315;491;208;289;142
309;248;536;284;312
430;483;804;478;581
943;1043;1164;991;1094
1921;2098;1703;1811;1791
586;762;322;561;413
1038;869;930;1013;895
311;395;432;201;315
159;246;386;134;163
3315;3491;3051;3290;3143
1957;2133;1739;1846;1826
422;475;796;470;573
570;746;572;460;574
370;546;176;344;197
659;713;924;708;810
411;465;786;460;563
2178;2355;1960;2068;2048
420;473;794;468;571
655;831;656;544;658
1810;1987;1592;1700;1680
893;827;700;868;721
3701;3878;3438;3676;3529
1263;1439;1023;1153;1110
514;568;706;473;587
2688;2864;2183;2291;2515
629;627;435;604;457
638;633;399;613;465
416;469;790;464;567
2668;2844;2404;2643;2495
2803;2979;2287;2394;2630
1265;1441;1046;1154;1134
1357;1534;1139;1247;1227
2796;2973;2292;2400;2624
2780;2956;2263;2370;2607
402;456;621;390;553
423;476;797;471;574
111;218;449;123;225
2793;2969;2289;2397;2621
360;457;620;388;511
417;471;792;466;568
471;521;696;409;523
2688;2864;2184;2291;2515
419;472;793;467;570
113;219;450;124;227
1947;2123;1728;1836;1816
2667;2843;2403;2316;2494
431;484;663;479;582
246;24;621;295;397
2783;2959;2279;2387;2611
1424;1477;1658;1425;1575
1997;2173;1779;1887;1866
612;712;805;571;685
425;478;799;473;576
463;515;714;427;541
2048;2224;1830;1938;1917
1416;1402;1790;1464;1567
2034;2210;1816;1924;1903
592;768;374;482;461
698;747;887;747;743
503;576;695;461;576
416;469;790;464;567
356;409;575;344;458
1142;1053;1207;1190;1063
1459;1445;1833;1507;1610
505;578;698;464;578
421;475;796;469;572
2028;2204;1810;1917;1897
354;407;573;342;456
1418;1405;1793;1467;1569
904;898;1052;952;908
2035;2211;1817;1925;1904
1428;1415;1803;1477;1579
2017;2193;1799;1907;1886
1498;1484;1873;1547;1649
492;545;708;475;589
408;461;782;456;559
357;410;576;345;459
344;520;91;292;171
905;899;1053;953;909
418;471;792;466;569
2106;2282;1888;1995;1975
341;394;565;333;447
526;488;345;500;353
286;462;179;204;145
355;408;604;373;506
508;684;174;398;377
1857;2033;1639;1746;1726
515;691;298;490;342
553;729;195;469;381
410;463;784;458;561
355;408;604;373;506
123;229;460;134;237
416;469;790;464;567
520;696;303;495;347
422;476;797;470;573
504;680;628;394;508
2006;2182;1788;1896;1875
354;407;595;363;477
349;402;600;368;500
1637;1721;1871;1638;1788
2147;2323;1929;2036;2016
514;691;157;430;342
106;252;444;118;221
409;463;784;457;560
329;382;549;317;431
138;300;485;149;262
365;418;739;413;516
1237;1413;1018;1126;1106
200;253;574;248;351
579;652;771;537;651
540;466;371;515;379
362;415;598;367;481
752;928;660;642;747
342;395;607;390;493
1259;1170;1325;1308;1181
429;605;71;313;257
549;622;742;508;622
968;855;774;943;795
841;1017;874;730;844
791;692;598;766;619
355;408;604;373;506
1666;1522;1676;1666;1532
282;323;364;257;141
537;608;912;586;688
775;951;682;664;770
2909;2746;2817;2799;2904
406;582;38;339;234
362;415;598;367;481
2775;2951;2511;2749;2602
594;520;452;568;398
1209;1064;1219;1209;1075
546;474;366;521;374
417;593;48;349;244
2687;2863;2183;2290;2514
2173;2149;2547;2221;2324
807;983;715;697;802
352;404;597;366;480
548;517;354;523;375
215;293;442;190;219
303;356;526;294;409
900;787;707;875;728
150;203;524;198;301
678;758;942;726;829
1852;2028;1634;1742;1721
2847;2823;3221;2895;2998
669;845;671;559;673
779;955;791;669;783
785;961;692;674;779
367;544;491;257;371
670;559;477;645;498
415;591;222;390;243
933;819;739;908;760
736;807;498;711;563
642;695;895;608;793
340;516;425;229;344
775;951;786;664;778
253;255;480;228;257
809;855;571;784;636
791;967;698;680;786
575;686;839;623;726
418;594;224;393;245
595;522;454;570;400
1105;1091;1479;1153;1256
749;820;510;723;576
243;245;470;218;247
543;469;401;518;347
182;417;468;89;245
420;596;226;394;247
583;678;848;632;735
804;980;712;694;799
3272;3249;3647;3320;3423
1724;1900;1488;1614;1700
488;664;271;462;315
545;473;365;520;373
178;414;464;85;241
466;642;272;441;293
779;955;687;669;774
881;1057;914;771;885
533;496;353;508;361
588;673;852;636;739
1616;1472;1626;1616;1483
670;846;562;560;649
547;471;367;522;374
617;447;509;592;473
424;600;230;398;251
591;673;855;639;742
334;510;97;309;161
801;977;582;690;670
282;458;403;171;286
810;986;717;699;804
590;766;326;565;417
536;482;356;511;363
1563;1549;1937;1611;1714
530;493;336;505;358
596;678;860;644;747
283;459;404;173;287
656;832;438;546;525
1548;1534;1922;1596;1699
597;679;862;646;748
814;990;721;703;809
588;764;325;563;416
521;483;326;496;348
609;691;874;658;760
1683;1767;1918;1684;1834
505;681;288;480;332
542;476;362;517;369
531;707;313;421;400
808;984;716;698;803
1303;1479;1065;1245;1130
776;753;1151;825;927
553;619;826;601;704
537;464;395;512;342
978;1155;783;963;806
613;695;877;661;764
730;907;512;620;600
539;479;359;514;367
449;533;255;424;276
233;469;520;140;296
1264;1440;1026;1206;1091
771;947;553;661;640
812;988;720;702;807
1273;1449;1035;1216;1100
524;700;525;413;527
875;1051;774;765;861
427;544;233;402;254
732;908;514;622;601
106;312;453;117;230
194;429;480;101;257
1326;1502;1093;1216;1195
487;489;293;462;314
284;287;366;258;142
635;682;836;683;692
1275;1451;1037;1217;1102
1261;1437;1023;1203;1088
1070;1199;1103;959;1073
515;477;334;489;342
264;500;550;171;327
853;1029;751;742;838
501;482;308;476;329
2673;2849;2156;2264;2500
547;723;549;437;551
1294;1470;1056;1236;1121
107;313;454;118;231
435;420;255;410;262
156;332;315;131;92
404;472;566;332;446
2669;2845;2165;2273;2497
1262;1438;1025;1205;1089
477;653;283;452;304
207;321;544;218;321
1260;1436;1022;1202;1087
428;396;247;403;255
485;661;291;460;312
494;670;300;469;321
113;285;460;124;237
92;307;378;103;155
438;365;278;413;286
551;727;358;526;379
105;277;452;116;228
729;857;993;777;880
548;635;354;522;375
210;386;436;127;213
407;416;227;382;235
2511;2687;2247;2485;2338
2342;2518;1849;1957;2169
370;423;744;418;521
2032;2208;1814;1922;1901
372;425;746;420;523
1513;1689;1295;1403;1382
2125;2301;1907;2014;1994
369;423;744;418;521
358;411;732;406;509
291;468;203;181;161
507;684;542;397;511
529;705;521;418;533
369;423;744;418;520
311;395;432;201;315
2155;2331;1937;2045;2024
357;410;731;405;508
350;526;342;239;354
425;601;140;314;294
2237;2413;2019;2127;2106
994;824;869;969;890
2042;2218;1824;1932;1911
1008;1185;1041;898;1012
2065;2241;1846;1954;1934
1035;1028;1183;1083;1039
448;375;307;423;253
1052;1170;1085;942;1056
1716;1892;1498;1606;1585
678;854;460;567;547
1919;2095;1701;1809;1788
585;761;587;475;589
464;640;465;353;467
1224;1400;1006;1113;1093
2026;2202;1808;1915;1895
682;858;683;571;685
675;851;317;537;502
1244;1420;1026;1133;1113
518;694;641;407;521
1340;1516;1111;1230;1210
925;973;1138;973;1076
693;869;705;583;697
240;416;206;141;115
492;668;493;381;495
943;1043;1164;991;1094
1355;1531;1137;1245;1224
561;737;563;451;565
661;837;663;551;665
1063;1057;1211;1111;1067
2330;2507;2112;2220;2200
409;585;410;298;412
1371;1226;1381;1371;1237
2135;2311;1917;2025;2004
381;557;383;271;385
2160;2336;1941;2049;2029
1275;1130;1285;1275;1141
365;542;436;255;369
2156;2332;1937;2045;2025
1478;1333;1488;1478;1344
384;561;455;274;388
2154;2330;1936;2043;2023
1802;1978;1538;1777;1629
1974;2150;1710;1948;1801
232;309;459;207;236
598;774;599;487;601
145;321;372;28;148
100;272;447;111;224
597;773;598;486;600
102;274;449;113;226
457;633;139;428;324
597;773;599;487;601
884;714;776;859;740
1163;1217;1398;1164;1315
126;299;474;138;250
247;482;533;154;310
1167;1221;1402;1168;1318
1646;1822;1288;1407;1473
1649;1636;2024;1698;1800
311;488;169;286;139
126;299;474;138;250
656;832;392;631;483
1400;1454;1635;1401;1551
126;299;474;138;250
309;362;528;297;411
1650;1627;2024;1698;1801
312;365;531;300;414
275;469;495;182;338
347;400;566;334;449
228;404;349;117;231
206;382;327;95;209
275;469;495;182;338
1063;1239;961;952;1048
216;393;284;106;220
570;746;571;459;573
275;469;495;182;338
641;718;716;530;644
569;745;571;459;573
292;468;413;181;295
524;700;307;499;351
257;433;228;231;84
771;947;507;746;598
820;858;582;795;648
662;838;444;551;531
326;502;258;216;266
287;463;147;262;114
655;831;436;544;524
333;509;265;223;273
386;562;141;275;255
631;807;413;521;500
339;515;271;229;279
891;945;1126;892;1043
884;938;1119;885;1035
367;22;594;342;370
602;778;384;491;471
823;999;605;712;692
601;777;382;490;470
374;29;601;349;378
597;773;379;487;466
382;37;609;357;386
817;993;599;707;686
1025;1002;1400;1074;1176
831;1007;613;720;700
1759;1935;1496;1734;1587
1417;1593;1199;1307;1286
621;797;403;510;490
182;359;261;157;38
1808;1984;1544;1783;1635
713;793;977;761;864
578;754;314;553;405
1252;1428;961;1141;1121
327;503;122;302;154
245;421;367;135;249
593;769;399;567;420
1605;1781;1209;1328;1432
575;751;311;550;403
3198;3374;2677;2785;3025
565;741;371;540;392
1262;1438;971;1151;1131
1602;1778;1206;1325;1429
272;448;174;199;101
621;797;358;596;449
212;251;438;186;215
1282;1458;1064;1172;1151
719;895;501;608;588
195;234;422;170;198
3544;3720;3011;3119;3371
1267;1443;976;1156;1136
521;609;328;496;349
1607;1593;1982;1656;1758
508;684;314;483;335
1262;1438;1044;1152;1132
3744;3920;3211;3319;3571
561;737;269;451;430
242;418;363;132;246
1516;1692;1253;1491;1344
210;249;437;185;214
1334;1510;1116;1223;1203
3741;3917;3208;3316;3568
629;595;436;604;457
671;847;453;561;540
1655;1641;2030;1704;1806
249;425;370;139;253
254;16;617;303;394
1273;1449;1054;1162;1142
3733;3909;3200;3308;3560
613;443;505;587;469
455;523;634;400;514
307;483;298;196;310
259;240;486;234;263
610;664;868;659;761
1298;1474;1080;1187;1167
2300;2476;2082;2189;2169
727;693;533;702;554
322;262;549;297;326
251;427;223;226;78
272;448;389;162;276
1251;1427;1032;1140;1120
621;720;813;579;693
606;436;498;581;462
413;466;787;461;564
1231;1407;1013;1120;1100
259;240;486;234;263
547;723;283;521;374
840;751;906;888;762
1251;1428;1033;1141;1121
247;423;295;136;251
1766;1752;2140;1814;1917
1414;1590;1090;1270;1241
160;336;301;135;77
486;556;861;535;638
496;549;870;544;647
1389;1245;1399;1389;1256
288;464;409;178;292
840;751;906;889;762
235;411;253;168;94
1357;1533;1120;1300;1185
285;461;406;174;288
447;623;89;363;274
691;867;703;581;695
662;662;817;710;673
886;786;693;861;714
1725;1901;1361;1480;1552
690;656;810;738;667
413;467;788;462;565
188;242;563;236;339
2079;2056;2454;2127;2230
182;358;260;156;37
2842;2818;3216;2890;2993
284;460;405;173;287
800;854;1035;801;951
387;563;334;276;342
2010;2186;1791;1899;1879
686;652;806;734;662
2052;2029;2426;2100;2203
236;472;470;143;299
280;456;401;169;283
2098;2274;1834;2072;1925
598;671;791;557;671
690;656;810;738;666
2050;2026;2424;2098;2201
519;695;302;494;346
1715;1571;1725;1715;1582
228;405;234;203;56
780;956;791;669;783
1744;1920;1526;1634;1860
625;598;753;673;609
440;616;462;329;443
1816;1992;1402;1521;1643
632;598;753;680;609
1192;1186;1340;1241;1197
3229;3206;3604;3278;3380
755;809;1018;804;906
790;966;801;679;794
848;902;1111;897;999
198;374;425;116;202
852;905;1115;900;1003
1709;1885;1473;1599;1685
588;670;824;636;681
498;674;500;388;502
2021;2197;1553;1661;1848
588;670;824;636;681
438;600;598;367;481
213;389;440;156;217
842;895;1104;890;993
733;909;710;622;736
517;693;301;492;345
868;1044;845;757;871
1854;2030;1831;1743;1857
447;515;627;393;507
202;378;322;91;205
95;310;381;106;158
619;795;536;508;624
1831;2007;1417;1536;1658
226;44;600;274;377
1730;1906;1493;1619;1705
840;1016;622;730;709
534;484;353;508;361
548;470;367;523;375
136;291;362;110;139
1308;1284;1682;1356;1459
1731;1907;1495;1621;1707
784;960;682;673;769
225;402;268;200;53
646;822;427;535;515
2051;2227;1787;2026;1878
1286;1462;1048;1228;1113
825;1001;723;714;810
2020;2196;1552;1660;1847
538;714;512;427;541
340;516;349;230;344
1627;1803;1247;1366;1454
1484;1461;1859;1532;1635
254;430;226;229;81
810;640;702;785;666
475;651;426;364;479
389;44;616;364;392
3319;3495;2832;2940;3146
88;260;435;99;212
75;311;361;86;138
96;269;444;108;220
3369;3545;2836;2944;3196
435;488;809;483;586
61;259;408;72;185
2692;2868;2188;2295;2519
51;269;398;62;175
820;996;718;709;805
2689;2865;2172;2280;2517
54;265;401;66;178
196;372;233;171;25
1228;1404;1001;1118;1088
1463;1319;1473;1463;1330
70;250;417;81;194
293;469;193;267;120
47;273;394;58;171
639;712;832;598;712
417;593;438;306;420
601;777;383;491;470
645;718;837;604;718
744;873;1009;793;895
1198;1374;1175;1088;1202
612;788;393;501;481
708;841;972;756;859
705;743;898;753;754
606;782;388;495;475
736;912;748;626;740
747;827;1012;796;898
260;436;194;181;89
1317;1493;1098;1206;1186
636;812;638;526;640
1131;1117;1505;1179;1282
82;227;420;94;196
1170;1156;1544;1218;1321
293;469;341;183;297
186;226;413;161;190
1062;1049;1437;1111;1213
1104;1091;1479;1153;1255
205;381;250;180;36
595;771;237;510;422
518;591;711;477;591
645;718;838;604;718
525;701;167;441;352
758;806;967;806;823
651;724;844;610;724
243;445;472;150;306
653;726;846;612;726
323;499;444;212;326
1329;1382;1564;1330;1480
240;416;215;167;69
783;856;975;742;856
1457;1433;1831;1505;1608
486;539;860;534;637
1280;1333;1515;1281;1431
2761;2937;2497;2735;2588
506;682;289;481;333
1282;1335;1517;1283;1433
242;419;207;169;71
507;683;291;482;335
253;256;480;228;257
346;454;467;236;350
127;299;474;138;250
1632;1716;1867;1633;1783
1581;1757;1132;1319;1408
1633;1809;1252;1371;1461
1631;1807;1249;1368;1458
569;745;570;458;572
1814;1990;1596;1703;1683
1625;1801;1245;1364;1453
1578;1754;1230;1552;1405
580;756;582;470;584
1193;1369;975;1083;1062
1641;1817;1256;1376;1468
575;751;577;465;579
619;795;401;508;488
732;908;514;622;601
1334;1510;1097;1278;1162
1629;1805;1248;1368;1456
3702;3878;3438;3677;3529
1731;1907;1494;1620;1706
1609;1785;1213;1332;1436
1214;1390;1121;1103;1209
571;747;573;461;575
541;717;542;430;544
1672;1848;1454;1562;1541
1608;1784;1212;1331;1435
1088;1264;869;977;957
1607;1783;1211;1330;1434
545;721;546;434;548
1637;1813;1419;1527;1506
442;618;224;331;311
1606;1782;1210;1329;1433
546;722;547;435;549
1665;1841;1446;1554;1534
439;615;220;328;308
561;737;641;450;564
2076;2252;1858;1966;1946
1645;1821;1264;1383;1472
449;625;230;338;318
1679;1855;1295;1414;1507
445;621;226;334;314
969;909;1063;1017;920
1583;1759;1319;1558;1410
598;774;599;487;601
1937;2114;1719;1827;1807
503;679;285;393;372
1099;1275;881;989;968
661;837;662;550;664
1466;1642;1236;1355;1464
621;797;287;511;490
470;523;693;518;621
1633;1809;1276;1395;1460
596;772;473;486;560
595;771;596;484;598
591;517;443;565;464
1635;1811;1251;1370;1463
483;659;485;373;487
595;771;596;484;598
468;394;323;443;272
595;771;556;485;599
1754;1930;1389;1508;1581
697;873;709;587;701
503;679;505;393;507
582;663;818;630;674
1682;1858;1297;1416;1509
228;404;230;118;137
438;155;755;503;532
1120;1296;901;1009;989
1623;1799;1248;1367;1451
1756;1932;1391;1510;1583
360;536;445;250;364
1106;1282;888;995;975
1652;1828;1268;1387;1480
2512;2688;2248;2486;2339
1536;1712;1272;1510;1363
620;796;402;510;490
1757;1933;1393;1512;1585
1428;1604;1210;1317;1297
1213;1389;994;1102;1082
2401;2577;2137;2376;2228
1658;1834;1273;1392;1485
1656;1832;1272;1391;1484
1429;1605;1211;1319;1298
1931;2107;1713;1821;1800
2040;2216;1821;1929;1909
1629;1805;1245;1364;1456
3732;3908;3468;3707;3559
615;791;396;504;484
554;730;336;444;423
1630;1806;1241;1360;1457
1906;2082;1521;1647;1733
3703;3879;3439;3678;3530
1834;2010;1616;1723;1703
3269;3445;3005;3243;3096
698;692;460;673;525
789;965;438;764;616
203;379;288;125;139
554;730;336;444;423
183;359;304;72;186
1041;1141;1207;1089;1063
1526;1702;1503;1416;1530
494;670;277;469;321
270;446;242;245;97
463;516;684;511;614
2380;2556;2117;2355;2208
268;270;495;243;271
512;485;318;486;339
511;486;317;486;338
566;566;940;614;717
817;994;829;707;821
492;668;493;381;495
761;938;498;736;589
1449;1625;1356;1338;1443
3309;3485;3045;3284;3136
847;1023;858;736;850
341;394;715;389;492
3283;3459;3019;3258;3110
1501;1561;1513;1391;1505
151;272;526;200;302
655;831;392;630;483
233;409;238;208;61
3258;3434;2994;3233;3085
3263;3439;2999;3238;3090
547;724;549;437;551
344;397;718;392;495
2314;2490;2050;2289;2141
544;720;546;434;548
1293;1279;1667;1341;1444
1423;1409;1798;1472;1574
344;398;719;393;496
1416;1402;1790;1464;1567
1300;1476;1081;1189;1169
1566;1742;1474;1456;1561
522;698;523;411;525
345;398;719;393;496
2003;2179;1739;1651;1830
348;401;722;396;499
396;178;713;387;490
285;461;406;175;289
589;765;590;478;592
2005;2182;1742;1654;1833
582;759;319;557;410
574;750;575;463;578
279;455;250;253;106
1246;1422;1028;1135;1115
346;399;720;394;497
281;457;253;256;108
628;709;892;676;779
2007;2183;1743;1655;1834
619;795;275;508;488
1626;1482;1636;1626;1492
632;705;765;579;694
2004;2180;1741;1653;1832
262;438;162;237;89
1748;1924;1530;1637;1860
2447;2623;2229;2337;2316
878;1054;890;768;882
269;445;252;158;213
503;679;626;393;507
2017;2194;1532;1640;1845
2078;2254;1860;1967;1947
1749;1925;1531;1639;1862
559;735;639;448;562
835;888;1097;883;986
289;466;410;179;293
184;223;411;159;187
2032;2208;1559;1666;1859
2132;2308;1914;2022;2001
3222;3398;2958;3197;3049
855;908;1118;903;1006
3227;3403;2963;3202;3054
2741;2917;2477;2421;2568
1179;1295;1212;1068;1182
2022;2198;1528;1635;1849
2114;2290;1896;2004;1983
2047;2223;1549;1657;1874
1140;1256;1173;1030;1144
2733;2910;2470;2708;2561
1073;1202;1106;962;1077
3217;3393;2954;3192;3045
2021;2197;1542;1649;1848
1043;1090;1076;933;1047
1548;1724;1330;1438;1417
406;491;213;381;234
2008;2184;1542;1650;1835
1070;1199;1103;959;1073
3246;3422;2982;3221;3073
1537;1713;1319;1427;1406
3266;3442;3003;3241;3094
331;319;706;379;482
2020;2196;1530;1638;1847
2021;2197;1542;1650;1848
227;403;212;154;86
537;713;273;512;365
1178;1294;1211;1067;1182
988;819;881;963;845
518;694;254;493;345
748;802;1011;797;899
423;599;229;398;250
1002;832;894;976;858
294;303;376;269;153
826;656;718;800;682
540;716;277;515;368
1629;1805;1240;1359;1456
1452;1429;1826;1500;1603
2733;2909;2216;2324;2561
1587;1763;1324;1562;1415
275;469;495;182;338
906;1082;805;796;892
1651;1827;1266;1385;1478
1484;1461;1858;1532;1635
1231;1284;1465;1232;1382
380;556;77;298;215
1465;1641;1235;1354;1463
225;401;292;114;228
622;453;514;597;479
1756;1932;1392;1511;1584
416;592;98;334;284
1155;1331;1054;1045;1141
1751;1928;1387;1506;1579
531;597;805;579;682
248;325;474;222;251
426;602;549;315;429
1589;1765;1325;1564;1416
1140;1316;922;1029;1009
593;769;375;482;462
1606;1461;1616;1606;1472
1468;1644;1250;1358;1337
1718;1894;1499;1607;1848
512;688;595;401;515
1674;1530;1684;1674;1540
1452;1628;1234;1342;1321
1727;1903;1491;1617;1703
993;1169;891;882;978
1324;1179;1334;1324;1190
2098;2274;1880;1987;1967
1019;1196;918;909;1005
1722;1898;1504;1611;1852
1822;1998;1437;1556;1649
1454;1309;1464;1454;1320
2109;2285;1890;1998;1978
1454;1310;1464;1454;1321
425;601;207;314;294
1830;2006;1445;1564;1657
445;621;226;334;314
2149;2325;1931;2039;2019
1832;2008;1447;1567;1659
2151;2328;1933;2041;2021
1522;1377;1532;1522;1388
445;621;227;334;314
1374;1550;1155;1263;1243
1475;1330;1485;1474;1341
440;616;222;329;309
1266;1442;1029;1209;1093
2048;2224;1550;1658;1875
1824;2000;1439;1558;1651
1463;1319;1473;1463;1330
600;776;267;489;469
1352;1528;1134;1242;1221
555;731;337;444;424
1716;1892;1498;1606;1846
1480;1335;1490;1480;1346
593;769;374;482;462
581;757;387;556;408
1494;1578;1729;1495;1645
665;841;447;554;534
1584;1760;1130;1313;1411
1302;1288;1676;1350;1453
2758;2934;2241;2349;2585
1495;1350;1505;1495;1361
198;210;573;247;350
353;135;670;343;446
768;944;550;658;637
1390;1246;1400;1390;1257
1490;1345;1500;1490;1356
256;333;483;231;260
1564;1630;1458;1454;1568
670;662;816;718;672
744;920;526;634;613
647;694;849;696;705
330;332;557;305;334
666;842;447;555;535
628;804;410;517;497
768;762;916;817;773
708;701;856;756;712
1708;1563;1718;1707;1574
1055;1231;962;944;1050
617;793;399;506;486
1232;1408;954;1134;1059
654;485;471;629;417
541;468;399;516;345
590;766;326;564;417
3309;3485;3045;3284;3137
3274;3450;3010;3249;3101
296;271;424;270;201
547;510;367;522;375
1184;1360;1217;1073;1188
293;304;375;268;152
1219;1395;1001;1108;1088
595;547;401;570;422
297;473;191;272;125
2442;2618;2223;2331;2311
447;623;231;422;275
49;290;388;60;165
2022;2198;1804;1912;1892
533;709;316;508;360
1528;1704;1265;1503;1356
1929;2105;1711;1819;1798
653;758;415;628;480
1989;2165;1771;1879;1858
244;420;365;134;248
710;675;516;684;537
248;424;369;137;252
1846;2022;1628;1736;1715
784;855;546;759;612
2007;2183;1789;1896;1876
249;425;370;139;253
760;831;522;735;587
249;425;370;139;253
708;884;445;683;536
3294;3470;3030;3269;3122
701;781;965;749;852
1046;1222;782;1020;873
3284;3460;3021;3259;3112
702;782;966;750;853
1012;1188;748;986;839
3713;3889;3449;3688;3541
707;787;971;755;858
1146;1322;855;1035;1015
3702;3878;3438;3676;3529
499;675;281;389;368
711;791;975;759;862
1145;1322;855;1035;1015
750;863;1014;798;901
3500;3676;3236;3475;3327
1188;1364;898;1078;1057
525;701;309;500;353
662;716;927;711;814
1478;1654;1455;1368;1482
535;537;341;509;362
664;717;928;712;815
1571;1747;1686;1460;1574
501;481;307;475;328
668;721;932;716;819
1508;1684;1415;1397;1503
1600;1776;1336;1575;1427
630;711;894;678;781
493;474;300;468;321
595;771;237;511;422
304;480;138;279;131
140;152;515;188;291
362;490;181;337;189
1962;2138;1698;1937;1789
1511;1687;1409;1400;1496
438;600;598;367;481
1964;2140;1700;1939;1791
1901;2077;1683;1791;1770
543;719;279;517;370
2030;2206;1812;1919;1899
1242;1418;1024;1132;1111
1452;1628;1350;1342;1438
573;749;517;462;577
552;729;289;527;380
3325;3301;3699;3373;3476
809;639;701;783;665
2021;2197;1559;1667;1849
434;487;808;482;585
1731;1907;1513;1620;1600
831;1007;612;720;700
1597;1583;1971;1645;1748
1992;2168;1728;1640;1819
591;767;248;481;460
533;709;269;508;360
466;520;841;515;617
2771;2947;2335;2442;2599
2710;2886;2446;2685;2537
1568;1554;1942;1616;1719
2075;2251;1857;1965;1944
3350;3327;3725;3399;3501
2048;2224;1830;1938;1917
2710;2886;2193;2301;2538
337;390;711;385;488
609;662;873;657;760
554;730;291;529;382
3342;3319;3716;3390;3493
1593;1677;1828;1594;1744
2393;2569;1915;2022;2220
1462;1638;1244;1352;1331
510;686;246;485;337
600;654;858;649;752
426;479;658;474;577
735;566;627;710;592
2695;2871;2178;2286;2522
599;652;863;647;750
511;687;247;486;338
422;495;647;360;474
440;493;672;488;591
1573;1750;1689;1463;1577
1062;892;954;1037;918
423;477;798;472;574
1402;1379;1777;1451;1553
533;459;378;508;386
1954;2130;1736;1844;1823
524;578;782;572;675
192;368;418;109;195
293;469;256;182;264
431;484;663;479;582
2019;2195;1801;1909;1888
672;848;454;562;541
275;451;259;165;219
590;643;858;570;741
504;680;183;479;331
1408;1385;1782;1456;1559
438;600;598;367;481
553;729;289;528;380
570;664;353;544;397
2127;2303;1909;2017;1996
405;458;646;453;556
1152;1328;934;1041;1021
594;648;852;643;745
1644;1500;1654;1644;1511
417;593;199;306;286
570;664;353;544;397
418;472;793;467;569
2250;2426;2032;2139;2119
295;401;454;223;337
557;733;293;531;384
1079;1255;861;968;948
652;705;916;700;803
516;692;252;491;343
2209;2385;1991;2099;2356
285;461;406;175;289
432;506;658;370;484
386;440;761;435;537
625;679;883;674;776
557;733;339;447;426
607;783;389;497;476
586;695;838;551;665
2263;2439;2045;2152;2416
577;677;770;536;650
496;672;410;385;498
292;468;413;181;295
396;449;770;444;547
2411;2587;2147;2386;2238
494;567;686;453;567
1130;1306;1028;1019;1116
577;650;770;536;650
1158;1334;939;1047;1027
2019;2195;1801;1909;1888
563;739;345;452;432
2015;2191;1796;1904;1884
477;531;723;526;628
1706;1693;2081;1755;1858
2700;2876;2437;2675;2528
1817;1993;1724;1706;1812
1974;2150;1506;1626;1802
328;429;449;217;332
543;596;807;591;694
1224;1400;1006;1114;1094
428;481;660;476;579
450;503;682;498;601
496;549;741;544;647
535;497;354;510;362
1448;1624;1426;1338;1452
308;398;429;198;312
849;1025;747;738;835
1546;1611;1463;1435;1549
322;419;443;212;326
354;406;613;382;505
453;507;686;502;605
2254;2431;2036;2144;2124
321;497;193;211;190
391;444;765;439;542
1323;1499;1104;1212;1192
348;401;607;376;499
354;407;614;382;505
468;644;470;358;472
661;837;569;551;656
726;902;508;615;595
1324;1500;1106;1214;1194
351;404;611;380;502
1332;1318;1706;1380;1483
1053;1229;835;943;922
2260;2437;2042;2150;2130
746;922;528;635;615
460;636;462;350;464
1327;1313;1701;1375;1478
1510;1570;1522;1399;1514
1225;1278;1460;1226;1376
475;399;295;450;303
1158;1334;940;1048;1027
363;416;623;391;514
465;642;467;355;469
1021;1197;919;911;1007
1319;1306;1694;1368;1471
607;716;859;572;686
357;410;616;385;508
1127;1303;909;1016;996
421;474;653;469;572
835;1012;813;725;839
826;863;587;800;653
417;593;64;392;245
1215;1150;1305;1263;1161
1156;1332;923;1046;1011
447;500;698;495;598
654;708;913;702;805
1334;1320;1709;1383;1485
1815;1992;1723;1705;1810
390;566;91;365;218
1100;1086;1474;1148;1251
1477;1333;1487;1477;1343
649;702;907;697;800
524;594;898;572;675
285;461;406;175;289
1242;1160;1315;1291;1171
417;593;127;392;244
1232;1167;1322;1281;1178
296;403;456;225;339
1869;2045;1651;1758;1738
1969;2145;1705;1943;1796
2115;2291;1897;2004;1984
536;589;794;584;687
635;689;893;683;786
526;595;900;574;677
385;439;760;434;536
1239;1157;1312;1287;1168
639;693;897;687;790
359;411;578;346;460
833;744;899;882;755
592;692;785;551;665
702;878;344;565;530
370;478;491;259;373
590;766;286;479;459
343;451;464;233;347
3294;3470;3030;3268;3121
593;692;785;552;666
296;472;207;185;165
697;873;479;586;566
924;1100;822;813;909
2195;2172;2570;2244;2347
726;720;874;774;730
451;627;233;341;320
2195;2172;2570;2244;2347
1424;1477;1658;1425;1575
1599;1454;1609;1598;1465
484;660;265;373;353
763;740;1137;811;914
1459;1635;1241;1348;1328
1615;1471;1625;1615;1482
2105;2281;2012;1994;2100
1462;1318;1472;1462;1328
2154;2330;2061;2043;2149
1303;1158;1313;1303;1169
1468;1324;1478;1468;1335
2154;2331;2062;2044;2149
346;424;573;321;350
351;428;578;326;354
284;460;405;173;287
1428;1284;1438;1428;1294
2127;2303;2035;2017;2122
812;988;710;702;798
1640;1816;1255;1374;1467
1530;1706;1311;1419;1399
1273;1129;1283;1273;1139
2129;2305;2037;2019;2124
105;267;452;116;228
1563;1739;1345;1453;1432
1161;1072;1227;1209;1083
2119;2295;2027;2009;2114
1149;1060;1214;1197;1070
107;269;454;118;231
2151;2327;2058;2040;2146
2751;2927;2247;2354;2578
89;251;436;100;213
1452;1428;1826;1500;1603
2105;2281;2013;1995;2100
521;697;305;496;349
254;431;197;181;83
1443;1419;1817;1491;1594
2035;2212;1943;1925;2030
609;662;873;657;760
1581;1558;1956;1630;1733
1917;2093;1654;1892;1745
270;446;391;160;274
2787;2963;2282;2390;2614
2942;3119;2679;2917;2770
2129;2106;2503;2177;2280
2607;2783;2343;2582;2435
2098;2275;2006;1988;2093
2742;2918;2478;2717;2569
2144;2120;2518;2192;2295
1325;1181;1335;1325;1192
2046;2222;1954;1936;2041
1921;2097;1657;1896;1749
2836;2813;3210;2884;2987
2047;2223;1954;1936;2042
2674;2850;2411;2649;2502
1415;1392;1789;1463;1566
2677;2853;2414;2652;2505
3345;3322;3719;3393;3496
1416;1393;1791;1464;1567
2032;2208;1940;1922;2027
1331;1317;1705;1379;1482
2684;2860;2420;2396;2511
1405;1382;1779;1453;1556
2994;3170;2730;2969;2821
2033;2210;1941;1923;2028
1215;1070;1225;1215;1081
1257;1311;1492;1258;1408
1919;2095;1827;1809;1914
661;708;862;709;719
1268;1445;1031;1211;1096
1649;1635;2023;1697;1800
2022;2198;1929;1911;2017
623;709;863;671;719
1538;1622;1773;1539;1689
1618;1794;1525;1507;1612
114;286;461;125;238
1491;1667;1389;1380;1476
309;406;430;199;313
1210;1386;1187;1099;1213
635;811;550;524;637
343;519;307;232;314
1409;1585;1367;1298;1454
1451;1627;1233;1340;1320
290;466;254;180;262
1060;1161;1281;1108;1211
2011;2187;1918;1900;2006
1240;1158;1313;1289;1169
1026;1202;925;916;1012
211;387;281;101;215
2008;2184;1916;1898;2003
497;673;620;386;501
1142;1318;1119;1031;1145
591;767;327;565;418
1182;1175;1329;1230;1186
584;760;366;473;453
260;436;388;150;264
785;961;683;675;771
482;536;728;531;634
572;672;765;531;645
861;1037;643;751;730
510;563;755;558;661
514;567;759;562;665
572;676;765;531;645
887;1063;741;777;829
1285;1338;1520;1286;1436
1563;1832;1596;1453;1567
774;950;672;663;759
1277;1453;1059;1167;1146
1287;1340;1522;1288;1438
961;1138;770;851;857
853;1029;751;742;838
1271;1447;1053;1161;1140
551;605;815;599;702
828;1004;726;717;814
1310;1486;1091;1199;1179
1252;1238;1626;1300;1403
638;742;399;613;465
1502;1678;1410;1392;1497
1101;1087;1476;1150;1252
603;708;365;578;430
413;589;195;303;282
2832;3008;2568;2807;2659
571;747;333;546;399
1468;1644;1445;1358;1472
2553;2729;2290;2528;2381
365;541;485;255;369
607;573;413;582;434
2831;3007;2567;2806;2658
596;701;358;571;424
1253;1429;1230;1142;1256
1427;1603;1404;1317;1431
1339;1515;1102;1294;1167
1129;1305;1107;1019;1133
1517;1693;1494;1406;1520
1258;1434;1021;1201;1086
1506;1682;1484;1396;1510
592;700;354;567;420
1268;1445;1050;1158;1138
399;576;347;289;355
370;546;55;344;197
1322;1498;1104;1211;1191
121;297;345;91;121
603;711;855;567;681
1854;2030;1636;1744;1723
1666;1842;1448;1555;1535
653;706;898;611;804
421;597;122;396;248
1184;1237;1419;1185;1335
2724;2900;2207;2315;2551
423;599;120;398;251
734;910;516;624;603
754;807;958;724;839
526;595;900;574;677
1862;2039;1644;1752;1732
1794;1780;2168;1842;1945
834;907;983;792;906
826;1002;859;716;830
525;595;899;573;676
546;722;328;436;415
360;536;445;249;363
819;995;852;708;822
591;767;373;481;460
2456;2632;2192;2431;2283
1334;1510;1097;1277;1162
443;619;127;418;271
379;555;502;268;382
580;756;362;470;449
366;542;489;255;369
440;616;124;415;267
245;322;472;220;248
2087;2263;1995;1977;2082
1241;1417;1023;1131;1110
649;480;461;624;407
457;633;239;346;326
350;526;434;239;353
359;483;179;334;187
456;578;263;431;284
628;804;410;518;497
454;630;138;429;282
447;623;229;336;316
2098;2274;1880;1987;1967
685;861;696;574;688
410;587;507;300;414
486;662;269;461;313
277;183;651;325;428
2878;3054;2614;2853;2705
551;727;332;440;420
393;446;631;441;544
367;543;433;256;370
404;580;153;379;231
591;767;373;481;460
2058;2234;1840;1948;2179
690;866;701;579;693
478;654;120;394;306
98;260;445;109;222
585;761;367;475;454
393;569;430;282;397
403;457;620;389;554
325;403;552;300;329
1484;1660;1391;1373;1478
837;910;1030;796;910
402;455;622;450;553
589;765;371;478;458
856;1032;638;745;725
639;815;650;528;642
588;764;370;478;457
483;659;125;398;310
260;436;377;149;264
378;554;84;353;206
641;694;898;689;792
761;814;996;762;912
393;446;631;441;544
294;471;342;184;298
351;404;598;366;481
211;387;248;100;154
295;471;227;184;234
443;619;445;333;447
661;837;683;550;664
542;476;362;517;370
766;820;1001;767;917
493;669;135;409;320
296;472;254;186;262
2614;2790;2350;2588;2441
303;479;197;278;130
491;667;133;407;318
297;473;344;186;300
650;826;628;540;654
411;587;218;386;239
2194;2370;1975;2083;2063
643;716;835;602;716
1405;1382;1779;1453;1556
297;473;247;186;255
616;675;378;591;444
415;468;789;463;566
480;656;122;396;307
314;490;208;289;141
650;723;842;609;723
393;447;768;442;544
260;436;174;235;87
389;566;196;364;217
999;1052;1233;1000;1150
391;513;197;365;218
695;743;883;743;740
665;738;857;623;738
454;630;138;429;281
357;533;164;332;185
260;436;174;235;87
390;443;764;438;541
1163;1339;945;1052;1032
3253;3429;2720;2828;3080
654;727;847;613;727
602;684;363;577;429
2502;2678;2238;2477;2329
376;552;86;350;203
231;407;203;206;59
344;520;135;319;171
633;737;394;607;460
360;484;179;335;187
371;499;190;346;198
229;405;196;204;56
1207;1384;980;1097;1068
646;719;838;604;719
344;520;150;318;171
597;689;359;572;425
423;599;119;398;251
305;482;144;280;133
682;755;875;641;755
694;870;430;669;522
644;717;836;603;717
208;384;225;183;35
1177;1353;959;1066;1046
567;743;329;542;394
572;748;248;547;399
1937;2027;2086;1896;2010
222;398;265;196;49
603;779;339;578;430
2808;2764;2715;2697;2803
509;685;293;484;337
666;739;858;625;739
417;593;64;392;244
1336;1389;1570;1337;1487
1219;1273;1454;1220;1370
206;382;227;181;33
1292;1468;1074;1182;1161
656;729;848;614;729
761;727;567;736;588
605;781;342;580;433
590;766;327;565;418
1425;1601;1207;1314;1294
2531;2707;2267;2506;2358
447;623;131;422;275
1256;1432;1037;1145;1125
2533;2709;2269;2508;2360
641;714;834;600;714
1386;1372;1760;1434;1537
433;609;477;323;437
1028;1082;1263;1029;1179
2437;2613;2219;2327;2306
613;789;349;588;440
805;982;713;695;800
1252;1428;1034;1142;1121
644;717;836;603;717
371;449;598;346;375
639;815;719;528;642
595;700;357;570;422
591;767;327;566;419
478;413;297;453;305
1186;1240;1421;1187;1337
2535;2711;2271;2510;2362
402;578;159;377;229
187;264;414;162;190
589;697;351;564;417
640;713;833;599;713
1239;1292;1474;1240;1390
1166;1142;1540;1214;1317
2538;2714;2274;2513;2365
476;415;296;451;304
270;323;582;318;421
190;267;417;165;194
887;864;1261;935;1038
2036;2212;1944;1926;2031
831;742;897;880;753
1321;1374;1555;1322;1472
576;685;840;624;727
689;762;881;647;762
889;866;1263;937;1040
676;749;868;635;749
651;698;852;699;708
1902;2078;1809;1791;1896
1282;1336;1517;1283;1433
608;784;610;498;612
680;754;873;639;753
668;661;816;716;672
1292;1345;1527;1293;1443
564;740;300;539;391
779;756;1153;827;930
1223;1276;1457;1223;1374
561;615;825;609;712
672;659;814;720;670
680;753;872;639;753
1512;1578;1458;1402;1516
788;765;1162;836;939
577;658;812;625;668
1224;1277;1458;1225;1375
561;614;825;609;712
688;761;880;647;761
1041;1017;1415;1089;1192
679;752;872;638;752
1276;1329;1511;1277;1427
1001;1177;1034;891;1005
1029;1006;1403;1077;1180
1353;1407;1588;1354;1504
565;618;829;613;716
1546;1600;1781;1547;1697
689;762;882;648;762
432;485;664;480;583
974;1150;1007;864;978
1027;1004;1401;1075;1178
554;608;818;602;705
691;764;883;649;764
1009;1071;1042;898;1013
561;614;825;609;712
1660;1713;1895;1661;1811
678;751;870;637;751
375;503;195;350;203
1514;1491;1889;1562;1665
972;1148;1005;862;976
1358;1534;1266;1248;1353
553;606;817;601;704
852;829;1226;900;1003
385;561;509;275;389
1072;1200;1104;961;1075
576;630;840;624;727
360;137;587;335;363
1338;1514;1246;1228;1333
316;284;346;291;174
1518;1504;1892;1566;1669
387;563;389;276;391
1498;1558;1510;1388;1502
271;447;182;246;98
974;1150;1007;864;978
1961;2137;1697;1936;1788
1517;1504;1892;1566;1669
688;864;717;578;692
990;1166;1023;880;994
434;507;659;372;486
1542;1528;1916;1590;1693
1466;1644;1444;1356;1470
1582;1758;1318;1557;1409
388;564;173;363;216
1544;1530;1780;1592;1695
1456;1632;1434;1346;1460
1540;1526;1776;1588;1691
1460;1636;1231;1350;1459
295;471;180;185;164
1004;1180;1036;893;1007
641;817;643;531;645
381;557;188;356;209
629;805;435;603;456
383;559;190;358;211
1430;1416;1804;1478;1581
1488;1664;1465;1377;1491
1250;1161;1316;1298;1172
3330;3506;2798;2905;3158
454;630;96;337;281
659;835;660;548;662
538;480;357;512;365
536;462;394;511;340
2069;2245;1850;1958;1938
1626;1802;1604;1516;1630
584;415;476;559;441
537;463;395;512;341
705;536;597;680;562
248;424;263;138;252
979;1155;880;868;967
539;465;397;514;343
1597;1773;1574;1487;1601
1178;1164;1553;1227;1329
987;1163;872;876;959
1557;1733;1672;1446;1560
246;422;265;135;250
886;939;1120;887;1037
783;777;931;832;788
1107;1093;1481;1155;1258
1547;1607;1559;1437;1551
970;1146;868;860;956
968;955;1343;1017;1119
728;904;510;617;597
1138;1191;1372;1138;1289
1578;1754;1693;1467;1581
429;606;113;404;257
1586;1762;1322;1560;1413
2128;2304;2035;2017;2122
1109;1163;1344;1110;1260
1479;1656;1457;1369;1483
859;932;1008;818;932
1017;1090;1167;976;1090
751;744;899;799;755
2218;2394;1954;2193;2045
1494;1670;1472;1384;1498
707;781;900;666;780
1582;1758;1235;1556;1409
1153;1329;934;1042;1022
834;744;899;882;755
1095;1272;877;985;965
1491;1667;1469;1381;1495
2235;2411;1971;2210;2062
1554;1540;1928;1602;1705
1311;1487;1209;1200;1297
3130;3306;2867;3105;2958
1476;1652;1454;1366;1480
994;1170;775;883;863
1485;1661;1463;1375;1489
1521;1697;1498;1410;1524
1487;1663;1465;1377;1491
641;817;423;531;510
87;302;373;98;150
1485;1661;1462;1374;1488
1482;1658;1459;1372;1486
1330;1185;1340;1329;1196
338;391;712;386;489
1500;1676;1478;1390;1504
1510;1686;1488;1400;1514
1507;1683;1484;1397;1511
524;594;898;572;675
1509;1685;1486;1398;1512
309;485;429;198;312
354;530;160;329;181
1502;1678;1479;1392;1506
391;567;197;366;218
410;586;216;385;237
1504;1680;1482;1394;1508
1505;1681;1482;1394;1508
411;588;218;386;239
396;572;202;371;223
1575;1751;1690;1465;1579
1577;1753;1692;1466;1580
391;567;197;365;218
1570;1746;1685;1460;1574
393;569;199;368;220
1523;1699;1638;1413;1527
389;565;195;364;216
1535;1711;1512;1424;1538
380;556;186;355;207
1530;1706;1507;1419;1534
378;554;185;353;206
1532;1708;1510;1422;1536
376;552;183;351;204
3342;3319;3716;3390;3493
372;549;179;347;200
374;550;180;349;201
3345;3322;3719;3393;3496
373;549;180;348;201
566;742;567;455;570
2185;2161;2559;2233;2336
742;918;524;631;611
2156;2133;2530;2204;2307
641;817;533;530;620
833;743;898;881;754
1215;1269;1450;1216;1366
831;742;897;880;753
183;260;410;158;186
2664;2841;2401;2639;2492
122;299;346;92;122
755;749;903;804;760
330;383;704;378;481
218;394;229;120;136
120;296;347;81;124
386;440;761;435;537
749;823;942;708;822
328;381;702;376;479
444;517;669;382;496
101;246;438;112;215
887;718;780;862;744
230;232;457;205;233
490;563;683;449;563
159;335;318;134;95
282;285;509;257;286
114;350;401;21;178
461;514;703;416;530
581;757;343;556;408
459;512;705;418;532
387;441;762;436;538
1591;1767;1216;1335;1418
458;511;710;423;537
386;439;760;434;537
313;316;540;288;317
473;649;279;448;300
460;513;712;425;539
554;621;803;603;660
64;229;401;75;178
592;768;594;482;596
567;640;759;526;640
487;540;713;480;594
1716;1693;2090;1764;1867
130;286;357;105;134
579;652;772;538;652
1513;1689;1411;1402;1498
1392;1568;1128;1366;1219
894;948;1129;895;1045
1402;1578;1138;1377;1229
144;320;303;119;80
597;670;789;556;670
2522;2698;2258;2496;2349
1396;1572;1132;1370;1223
131;286;358;106;134
595;668;787;553;668
188;364;309;78;192
1931;2107;1713;1821;1800
2079;2255;1861;1969;1948
592;665;784;551;665
3277;3253;3651;3325;3428
153;329;312;128;89
588;662;781;547;661
3282;3259;3656;3330;3433
2108;2284;1890;1998;1977
593;666;786;552;666
142;318;301;117;78
2091;2267;1872;1980;1960
381;511;188;356;209
2109;2285;1891;1999;1978
599;673;792;558;672
141;317;300;116;77
322;498;215;297;149
383;511;203;358;211
227;403;348;117;231
141;317;300;115;77
2108;2284;1890;1997;1977
235;411;356;125;239
261;437;190;236;88
2156;2332;1937;2045;2025
253;429;258;228;80
238;414;359;128;242
122;298;345;92;122
2064;2241;1846;1954;1934
455;523;634;400;514
122;298;345;92;122
593;666;785;552;666
605;678;798;564;678
2096;2272;1878;1986;1965
2086;2262;1867;1975;1955
541;594;805;589;692
160;336;319;135;96
1398;1375;1772;1446;1549
1158;1334;1057;1048;1144
1489;1665;1466;1378;1492
1307;1163;1317;1307;1173
2236;2412;1972;2211;2063
181;357;333;98;159
2534;2710;2271;2509;2362
2212;2388;1948;2187;2040
437;613;152;327;306
663;839;507;552;594
2148;2324;2056;2038;2143
1694;1870;1476;1583;1563
1308;1164;1318;1308;1175
1906;2083;1814;1796;1901
1237;1413;1214;1126;1241
2396;2572;2132;2371;2223
200;376;314;117;140
1745;1921;1381;1500;1573
173;349;342;90;176
1672;1528;1682;1672;1538
1487;1663;1385;1376;1472
387;42;614;362;391
185;361;329;102;155
503;483;309;477;330
2439;2615;2175;2413;2266
756;932;768;646;760
419;492;644;356;470
1502;1678;1400;1391;1487
120;296;343;90;120
2447;2623;2183;2422;2274
818;867;1028;867;884
1488;1664;1466;1378;1492
1189;1365;1096;1078;1183
2263;2439;2045;2152;2132
2797;2973;2292;2400;2624
165;341;349;82;168
325;501;119;243;155
534;710;536;424;538
1509;1685;1486;1399;1513
1177;1353;1075;1067;1163
155;331;382;73;159
552;728;554;442;556
439;512;664;377;491
2083;2259;1981;1972;2069
2214;2390;1996;2104;2363
272;448;172;191;126
467;520;719;432;546
857;1033;765;747;852
1267;1443;1049;1157;1136
2478;2655;2260;2368;2348
846;1022;744;735;831
276;452;180;184;96
2872;3048;2654;2762;3045
173;349;341;90;176
1266;1442;1048;1155;1135
2182;2359;2090;2072;2177
2754;2930;2490;2729;2581
867;1043;765;757;853
150;326;377;68;154
226;403;269;201;54
2749;2925;2485;2724;2577
468;395;327;443;273
1287;1463;1069;1177;1156
3129;3305;2865;3104;2956
2752;2928;2489;2727;2580
475;401;333;450;279
893;1069;791;782;878
180;356;334;97;160
1124;1300;906;1014;994
1303;1479;1085;1192;1172
3094;3270;2830;3068;2921
1308;1484;1089;1197;1177
2052;2029;2427;2100;2203
1128;1304;909;1017;997
467;394;323;442;272
899;1075;797;789;885
3258;3434;2995;3233;3086
471;434;286;446;298
3260;3436;2997;3235;3088
118;294;341;88;118
549;725;497;439;505
2446;2423;2821;2495;2598
470;435;285;445;297
966;1142;775;856;862
1112;1288;894;1001;981
354;530;160;329;182
3344;3520;2812;2919;3172
382;558;313;271;321
158;334;385;119;162
493;669;441;383;449
2540;2516;2914;2588;2691
694;670;1068;742;845
1267;1443;1049;1157;1137
1080;1256;862;969;949
3439;3615;2906;3014;3266
510;686;457;399;465
183;359;331;101;157
364;540;487;253;367
2565;2542;2939;2613;2716
380;201;658;406;435
2543;2520;2917;2591;2694
1015;1191;797;905;884
3436;3612;2903;3011;3263
3441;3617;3177;3415;3268
476;420;296;451;304
1267;1443;1049;1157;1136
1087;1263;869;977;956
514;690;462;403;469
122;298;345;92;122
2452;2428;2826;2500;2603
527;703;475;417;483
378;281;738;426;515
3440;3616;3176;3414;3267
119;295;342;89;119
1119;1295;1017;1008;1105
1244;1420;1221;1133;1247
413;481;567;334;448
1384;1560;1166;1273;1253
367;156;594;342;371
1171;1347;952;1060;1040
362;538;485;251;365
1315;1491;1120;1204;1207
3518;3694;3254;3493;3346
1469;1645;1446;1358;1472
837;1013;670;726;757
149;325;376;110;153
300;476;193;275;127
279;455;400;168;282
3519;3695;3255;3494;3347
155;331;382;116;159
1466;1642;1443;1355;1470
349;403;724;397;500
89;211;463;137;240
299;475;192;274;126
1265;1441;975;1155;1135
383;559;506;272;387
3704;3880;3440;3274;3531
310;486;204;285;137
1269;1445;1041;1158;1129
277;453;248;251;104
653;829;418;542;522
3750;3926;3217;3325;3577
114;290;337;84;114
1218;1394;1195;1107;1221
2698;2875;2435;2401;2526
3500;3676;3236;3475;3327
356;532;477;245;359
168;344;394;128;171
451;627;521;340;454
3319;3495;3055;3294;3146
1112;1288;1011;1002;1098
455;631;526;345;459
789;842;1077;837;940
803;856;1066;851;954
3310;3486;3046;3285;3137
3278;3454;3014;3253;3106
1216;1392;998;1106;1085
386;562;510;276;390
578;652;771;537;651
453;629;524;342;456
3308;3484;3044;3283;3135
1216;1392;1193;1105;1220
3265;3441;3001;3239;3092
381;557;504;271;385
588;661;780;546;660
1250;1426;1227;1139;1254
3307;3483;3043;3282;3134
3303;3479;3039;3278;3130
1517;1582;1463;1406;1520
427;603;551;317;431
581;654;773;539;653
427;495;584;350;465
3420;3596;3157;3395;3248
589;662;781;548;662
429;497;620;386;500
1547;1612;1464;1436;1550
1505;1567;1516;1394;1508
523;449;381;497;327
573;646;766;532;646
407;475;569;335;449
661;734;854;620;734
1005;1181;1038;894;1008
441;367;299;416;245
573;655;810;621;666
452;379;310;427;257
590;664;783;549;663
322;498;308;211;325
639;686;840;687;696
614;687;806;572;687
3271;3447;3007;3246;3099
637;683;838;685;694
586;660;779;545;659
3457;3633;2924;3032;3284
1213;1389;994;1102;1082
3460;3636;2928;3035;3288
1813;1799;2188;1861;1964
591;665;784;550;664
641;688;842;689;698
1794;1970;1576;1684;1663
1510;1594;1745;1511;1661
743;737;891;792;748
666;713;867;714;723
1792;1778;2166;1840;1943
2531;2508;2905;2579;2682
580;653;772;538;652
575;648;767;534;648
718;711;866;766;722
2047;2224;1829;1937;1917
663;710;865;712;721
655;701;856;703;712
605;678;798;564;678
1049;1096;1082;939;1053
650;669;823;698;680
2075;2251;1857;1965;1945
505;681;629;395;509
2093;2270;1875;1983;1963
577;651;770;536;650
651;669;824;699;680
1559;1675;1592;1448;1562
2093;2269;1875;1983;1962
595;668;788;554;668
649;695;850;697;706
712;736;891;760;747
1373;1549;1154;1262;1242
2126;2302;1907;2015;1995
646;719;839;605;719
3211;3387;2947;3185;3038
1332;1508;1114;1222;1201
576;649;769;535;649
753;746;901;801;757
1357;1533;1139;1247;1226
2025;2201;1807;1914;1894
668;714;869;716;725
3297;3473;3033;3272;3124
582;656;775;541;655
1896;2072;1677;1785;1765
614;687;806;573;687
1415;1401;1789;1463;1566
3338;3514;3074;3312;3165
666;713;868;714;724
3430;3606;3166;3404;3257
1496;1482;1870;1544;1647
1097;1273;879;987;966
608;681;801;567;681
779;832;1014;780;930
573;646;766;532;646
389;565;474;278;392
383;559;468;273;387
75;311;362;87;138
581;655;774;540;654
1025;1078;1260;1026;1176
1427;1544;1460;1317;1431
183;359;410;144;186
1553;1607;1788;1554;1704
583;657;776;542;656
642;552;707;690;563
180;356;407;141;184
1417;1470;1652;1418;1568
668;499;485;643;432
783;856;975;741;855
693;523;520;667;549
183;359;410;144;186
294;470;415;183;297
1341;1196;1351;1340;1207
1015;1191;797;904;884
1356;1211;1366;1356;1222
85;320;371;96;148
305;481;139;280;132
385;561;508;275;389
1383;1238;1393;1382;1249
381;481;501;270;384
77;312;363;88;140
416;592;223;391;244
427;500;652;364;479
60;300;399;70;175
410;586;92;328;277
448;515;673;386;500
254;430;371;143;257
1330;1316;1704;1378;1481
727;798;488;701;554
1338;1324;1712;1386;1489
76;311;362;87;139
1293;1279;1668;1341;1444
1185;1179;1333;1234;1190
705;776;467;680;532
1043;1037;1191;1091;1047
58;299;397;69;174
1296;1282;1671;1345;1447
703;774;465;678;530
1052;1046;1200;1101;1057
79;314;365;90;142
1297;1283;1671;1345;1448
1112;1165;1346;1113;1263
1569;1745;1477;1459;1564
56;297;395;67;172
1291;1277;1665;1339;1442
1518;1694;1425;1407;1512
826;879;1060;827;977
1291;1277;1665;1339;1442
81;317;368;93;144
1444;1620;1351;1333;1439
817;871;1052;818;968
1280;1266;1654;1328;1431
861;914;1096;862;1012
1266;1252;1640;1314;1417
54;295;393;65;170
1439;1615;1346;1328;1434
1262;1248;1636;1310;1413
53;293;392;63;168
1259;1245;1633;1307;1410
1153;1329;935;1043;1022
1148;1324;930;1037;1017
2775;2951;2258;2365;2602
50;291;389;61;166
1254;1240;1628;1302;1405
1150;1326;932;1040;1019
476;652;452;366;480
1279;1265;1653;1327;1430
725;719;873;773;729
1223;1399;1005;1113;1092
283;459;176;201;142
2786;2962;2269;2376;2613
1256;1242;1631;1305;1407
723;716;871;771;727
2149;2325;1931;2039;2018
669;716;870;717;727
190;366;239;165;21
260;436;232;235;87
666;712;867;714;723
266;442;237;241;93
582;758;344;557;409
2144;2320;1926;2033;2013
1498;1674;1396;1388;1484
669;716;870;717;726
591;767;247;480;460
248;424;253;223;76
1701;1877;1483;1591;1571
579;661;816;627;672
593;770;250;483;463
665;711;866;713;722
666;713;867;714;723
258;435;230;233;86
538;714;205;428;407
244;420;249;219;71
391;567;82;309;227
666;713;867;714;724
534;710;201;424;403
565;741;195;455;380
650;696;851;698;707
240;416;245;215;67
559;735;226;449;428
730;723;877;778;734
242;418;247;216;69
240;417;246;215;68
600;682;837;649;693
734;727;882;782;738
603;685;840;651;696
214;390;297;104;218
745;738;893;793;749
686;862;698;576;690
230;406;273;204;57
302;478;352;192;306
775;768;923;823;779
364;540;117;339;191
573;655;810;622;666
225;401;268;200;52
289;465;410;178;293
383;559;98;357;210
579;646;853;627;730
233;409;276;208;60
390;567;96;365;218
575;551;949;623;726
368;544;435;258;372
248;424;343;137;252
615;663;888;663;766
583;559;957;631;734
621;669;894;669;772
639;815;292;529;508
1439;1615;1221;1328;1308
588;565;962;636;739
505;558;879;553;656
497;550;742;545;648
1729;1905;1493;1618;1704
576;658;812;624;668
589;566;964;638;740
1806;1982;1422;1541;1634
623;671;896;671;774
611;588;986;660;763
182;358;303;72;186
284;460;332;173;288
299;475;347;189;303
610;587;984;658;761
1752;1929;1388;1507;1580
2220;2197;2594;2268;2371
259;435;376;148;263
714;691;1089;763;866
276;453;324;166;280
371;547;152;260;240
2150;2127;2525;2199;2301
646;623;1020;694;797
483;659;162;458;310
697;873;708;586;700
2106;2083;2480;2154;2257
626;602;1000;674;777
698;874;709;587;701
423;599;58;359;251
2108;2085;2482;2156;2259
631;607;1005;679;782
680;856;692;569;684
660;837;672;550;664
699;676;1073;747;850
428;604;63;403;255
2106;2083;2480;2154;2257
545;611;818;593;696
987;983;724;962;815
682;858;693;571;686
629;683;893;677;780
675;652;1050;724;826
578;659;813;626;669
824;735;890;873;746
405;458;779;453;556
593;666;786;552;666
1250;1236;1624;1298;1401
805;878;997;764;878
1240;1226;1614;1288;1391
770;843;963;729;843
1249;1235;1623;1297;1400
755;828;948;714;828
1254;1240;1628;1302;1405
756;829;949;715;829
1280;1266;1654;1328;1431
744;817;937;703;817
661;734;854;620;734
779;852;971;737;852
1097;1083;1471;1145;1248
763;836;956;722;836
1105;1091;1479;1153;1256
1114;1100;1488;1162;1265
745;819;938;704;818
1106;1092;1480;1154;1257
743;816;935;702;816
1109;1095;1483;1157;1260
741;814;933;700;814
1107;1094;1482;1156;1259
757;830;950;716;830
742;815;934;701;815
577;505;435;552;382
396;450;771;445;547
778;851;970;737;851
391;445;766;439;542
772;845;965;731;845
765;838;958;724;838
645;821;381;620;472
642;818;378;616;469
771;844;963;730;844
902;1030;1052;861;975
398;451;772;446;549
890;1017;1040;849;963
1145;1321;927;1034;1014
388;564;511;277;391
526;488;331;500;353
356;532;479;245;359
3502;3678;3238;3477;3329
397;451;772;446;548
1287;1463;1069;1176;1156
1059;1235;841;949;928
